2016 01 02 15 47
2016 01 03 05 31
2016 01 13 02 25
2016 01 14 12 38
2016 01 19 02 37
2016 01 20 08 44
2016 01 20 17 14
2016 01 21 16 06
2016 01 22 05 42
2016 01 23 20 12
2016 01 24 10 25
2016 01 24 23 50
2016 02 03 01 53
2016 02 05 11 20
2016 02 12 18 02
2016 02 14 03 25
2016 02 17 23 29
2016 02 19 01 57
2016 02 20 07 06
2016 02 23 18 14
2016 03 02 16 46
2016 03 08 02 39
2016 03 10 05 12
2016 03 12 23 31
2016 03 15 01 01
2016 03 18 18 45
2016 03 24 11 59
2016 03 24 23 20
2016 03 25 00 05
2016 04 13 08 06
2016 04 19 01 19
2016 04 24 06 09
2016 05 08 05 53
2016 05 13 13 51
2016 05 21 20 07
2016 06 03 16 57
2016 06 06 10 20
2016 06 09 07 16
2016 06 10 22 13
2016 06 14 23 54
2016 06 17 19 16
2016 06 18 07 17
2016 06 24 09 21
2016 07 03 11 42
2016 07 08 10 16
2016 07 08 23 01
2016 07 14 02 35
2016 07 15 12 44
2016 07 15 18 51
2016 07 24 11 10
2016 07 26 08 38
2016 07 26 10 02
2016 07 27 12 16
2016 08 01 00 19
2016 08 01 20 18
2016 08 05 23 45
2016 08 07 10 28
2016 08 09 06 18
2016 08 12 09 14
2016 08 12 22 50
2016 08 20 18 48
2016 08 23 03 31
2016 08 26 11 08
2016 09 07 22 14
2016 09 11 23 33
2016 09 13 05 20
2016 09 14 03 35
2016 09 21 20 22
2016 09 24 03 57
2016 09 24 04 33
2016 09 26 01 56
2016 10 04 04 20
2016 10 09 15 54
2016 10 12 10 02
2016 10 12 10 18
2016 10 19 19 21
2016 10 22 22 18
2016 10 23 09 10
2016 10 25 09 50
2016 10 26 01 13
2016 10 27 22 57
2016 10 28 06 44
2016 11 04 05 35
2016 11 05 15 03
2016 11 05 16 58
2016 11 09 07 35
2016 11 14 05 22
2016 11 14 10 37
2016 11 15 23 15
2016 11 24 08 39
2016 11 26 21 21
2016 12 01 07 55
2016 12 06 03 00
2016 12 06 23 30
2016 12 08 18 49
2016 12 11 23 04
2016 12 16 02 11
2016 12 17 06 09
2016 12 21 04 52
2016 12 28 11 36
