2016 01 01 00 02
2016 01 01 00 49
2016 01 01 17 43
2016 01 01 22 29
2016 01 02 13 36
2016 01 02 20 36
2016 01 02 21 22
2016 01 03 14 55
2016 01 04 01 58
2016 01 04 06 45
2016 01 04 18 57
2016 01 04 23 59
2016 01 05 13 51
2016 01 06 04 59
2016 01 06 12 28
2016 01 06 14 04
2016 01 06 17 36
2016 01 06 22 00
2016 01 06 22 04
2016 01 07 03 54
2016 01 07 06 26
2016 01 07 10 19
2016 01 07 11 39
2016 01 07 12 15
2016 01 07 13 31
2016 01 07 22 28
2016 01 08 03 48
2016 01 08 09 30
2016 01 08 11 19
2016 01 08 12 28
2016 01 08 14 30
2016 01 08 21 24
2016 01 08 22 30
2016 01 08 23 06
2016 01 09 07 45
2016 01 09 10 43
2016 01 09 19 20
2016 01 09 21 28
2016 01 09 22 28
2016 01 09 23 50
2016 01 10 02 32
2016 01 10 06 22
2016 01 10 18 12
2016 01 10 22 47
2016 01 11 10 33
2016 01 11 23 00
2016 01 12 08 01
2016 01 13 05 51
2016 01 13 13 47
2016 01 13 22 04
2016 01 14 03 40
2016 01 14 06 37
2016 01 14 16 48
2016 01 16 03 46
2016 01 16 23 27
2016 01 17 05 17
2016 01 17 10 53
2016 01 17 23 05
2016 01 18 05 27
2016 01 18 08 43
2016 01 18 16 29
2016 01 18 23 46
2016 01 19 15 27
2016 01 19 19 14
2016 01 20 03 05
2016 01 20 03 46
2016 01 20 05 35
2016 01 20 07 50
2016 01 21 08 32
2016 01 21 09 28
2016 01 21 22 20
2016 01 22 02 51
2016 01 22 05 07
2016 01 22 09 42
2016 01 22 19 23
2016 01 22 22 11
2016 01 23 04 32
2016 01 23 06 39
2016 01 23 14 43
2016 01 23 19 13
2016 01 24 00 18
2016 01 25 04 07
2016 01 25 16 21
2016 01 25 23 53
2016 01 26 05 12
2016 01 26 19 45
2016 01 26 22 11
2016 01 27 05 12
2016 01 27 08 52
2016 01 27 10 45
2016 01 27 11 16
2016 01 27 14 57
2016 01 27 15 25
2016 01 28 06 37
2016 01 28 11 23
2016 02 01 02 29
2016 02 01 04 31
2016 02 01 10 14
2016 02 01 14 31
2016 02 01 15 07
2016 02 01 16 03
2016 02 02 04 33
2016 02 02 19 34
2016 02 03 06 30
2016 02 04 11 20
2016 02 05 02 38
2016 02 05 04 16
2016 02 05 07 00
2016 02 05 21 13
2016 02 06 23 02
2016 02 07 06 22
2016 02 07 15 51
2016 02 07 15 57
2016 02 07 18 52
2016 02 07 18 53
2016 02 08 16 49
2016 02 08 20 51
2016 02 08 20 53
2016 02 08 21 53
2016 02 09 19 08
2016 02 09 23 20
2016 02 10 03 56
2016 02 10 08 15
2016 02 10 23 47
2016 02 11 01 27
2016 02 11 09 10
2016 02 11 11 02
2016 02 11 12 39
2016 02 11 14 58
2016 02 11 22 58
2016 02 12 00 54
2016 02 12 05 56
2016 02 12 10 48
2016 02 12 17 17
2016 02 12 17 58
2016 02 13 01 05
2016 02 13 02 54
2016 02 13 04 08
2016 02 13 05 55
2016 02 13 10 49
2016 02 13 12 05
2016 02 13 20 48
2016 02 13 23 36
2016 02 14 05 50
2016 02 14 06 16
2016 02 14 09 40
2016 02 14 19 08
2016 02 14 19 14
2016 02 15 10 35
2016 02 15 10 58
2016 02 16 12 25
2016 02 16 16 09
2016 02 17 15 11
2016 02 17 19 45
2016 02 17 22 17
2016 02 17 23 47
2016 02 19 12 09
2016 02 19 14 11
2016 02 19 18 13
2016 02 20 01 19
2016 02 20 06 08
2016 02 20 08 02
2016 02 20 17 38
2016 02 21 03 33
2016 02 21 04 21
2016 02 21 21 28
2016 02 21 22 15
2016 02 22 19 23
2016 02 22 21 24
2016 02 23 07 38
2016 02 23 15 20
2016 02 23 15 37
2016 02 23 21 02
2016 02 23 22 34
2016 02 23 23 02
2016 02 24 04 27
2016 02 25 02 15
2016 02 25 13 42
2016 02 25 15 05
2016 02 26 00 19
2016 02 26 05 21
2016 02 26 08 04
2016 02 26 12 41
2016 02 27 11 55
2016 02 27 14 19
2016 02 28 09 23
2016 02 28 10 54
2016 02 28 18 57
2016 03 01 00 18
2016 03 01 07 14
2016 03 01 11 03
2016 03 01 14 49
2016 03 01 21 24
2016 03 02 02 02
2016 03 02 07 42
2016 03 02 14 22
2016 03 02 18 59
2016 03 03 05 08
2016 03 04 06 55
2016 03 04 07 20
2016 03 04 09 54
2016 03 04 17 49
2016 03 04 19 00
2016 03 05 07 16
2016 03 05 10 39
2016 03 05 11 25
2016 03 05 21 20
2016 03 06 03 15
2016 03 06 06 15
2016 03 06 10 53
2016 03 06 20 11
2016 03 07 00 09
2016 03 07 02 02
2016 03 07 13 58
2016 03 07 23 43
2016 03 08 02 59
2016 03 08 05 49
2016 03 08 08 19
2016 03 08 09 20
2016 03 09 06 29
2016 03 09 06 45
2016 03 09 09 01
2016 03 09 15 40
2016 03 09 17 29
2016 03 09 20 12
2016 03 10 12 41
2016 03 10 15 30
2016 03 11 09 46
2016 03 11 15 22
2016 03 11 20 12
2016 03 11 21 01
2016 03 12 05 33
2016 03 12 07 15
2016 03 12 12 51
2016 03 12 21 09
2016 03 12 23 57
2016 03 13 08 31
2016 03 13 15 41
2016 03 14 20 58
2016 03 14 21 30
2016 03 14 22 01
2016 03 14 22 19
2016 03 15 19 27
2016 03 15 20 11
2016 03 15 20 21
2016 03 16 00 00
2016 03 16 11 27
2016 03 16 16 08
2016 03 17 06 04
2016 03 17 09 25
2016 03 18 03 01
2016 03 18 10 11
2016 03 19 19 51
2016 03 20 01 06
2016 03 20 08 10
2016 03 20 10 37
2016 03 20 11 04
2016 03 21 05 16
2016 03 21 07 49
2016 03 21 08 07
2016 03 22 05 13
2016 03 22 05 26
2016 03 22 14 47
2016 03 22 18 19
2016 03 22 20 58
2016 03 23 08 32
2016 03 26 06 28
2016 03 26 08 44
2016 03 26 10 09
2016 03 26 11 54
2016 03 26 13 55
2016 03 26 18 53
2016 03 27 09 59
2016 03 27 11 41
2016 03 28 00 27
2016 03 28 08 21
2016 03 28 12 06
2016 04 01 03 31
2016 04 01 05 26
2016 04 01 07 03
2016 04 01 12 55
2016 04 01 17 51
2016 04 01 21 13
2016 04 02 03 46
2016 04 02 05 32
2016 04 02 16 13
2016 04 03 00 20
2016 04 03 03 33
2016 04 03 10 13
2016 04 03 11 19
2016 04 03 18 25
2016 04 04 00 56
2016 04 04 02 55
2016 04 04 04 23
2016 04 04 05 33
2016 04 04 18 41
2016 04 05 05 57
2016 04 05 06 03
2016 04 05 15 49
2016 04 06 01 41
2016 04 07 06 50
2016 04 07 16 28
2016 04 08 06 44
2016 04 08 13 19
2016 04 08 22 28
2016 04 09 01 17
2016 04 09 06 04
2016 04 09 09 19
2016 04 09 14 25
2016 04 09 17 30
2016 04 09 18 32
2016 04 09 21 23
2016 04 10 13 33
2016 04 10 14 05
2016 04 10 14 14
2016 04 10 17 17
2016 04 11 05 17
2016 04 11 09 49
2016 04 11 19 42
2016 04 12 01 19
2016 04 12 05 43
2016 04 12 06 33
2016 04 13 02 14
2016 04 13 10 53
2016 04 13 17 25
2016 04 14 04 03
2016 04 14 04 38
2016 04 14 04 44
2016 04 15 00 24
2016 04 15 17 38
2016 04 15 18 17
2016 04 16 04 26
2016 04 17 07 01
2016 04 17 07 35
2016 04 17 08 44
2016 04 17 21 42
2016 04 18 07 10
2016 04 18 08 19
2016 04 18 09 29
2016 04 18 18 49
2016 04 19 21 24
2016 04 20 23 07
2016 04 21 12 49
2016 04 21 22 12
2016 04 21 22 19
2016 04 22 13 54
2016 04 22 15 03
2016 04 23 03 24
2016 04 23 23 17
2016 04 24 17 40
2016 04 24 17 41
2016 04 25 15 35
2016 04 25 22 17
2016 04 26 02 58
2016 04 26 06 59
2016 04 26 17 05
2016 04 26 18 31
2016 04 26 20 59
2016 04 26 21 09
2016 04 26 21 17
2016 04 27 04 21
2016 04 28 03 10
2016 04 28 06 44
2016 04 28 14 30
2016 04 28 15 43
2016 05 01 22 39
2016 05 02 15 30
2016 05 02 15 54
2016 05 02 18 09
2016 05 02 20 32
2016 05 02 23 32
2016 05 03 12 32
2016 05 03 17 03
2016 05 03 17 04
2016 05 03 20 14
2016 05 03 20 24
2016 05 03 22 49
2016 05 03 22 49
2016 05 04 00 50
2016 05 04 08 59
2016 05 04 12 37
2016 05 04 18 51
2016 05 04 23 02
2016 05 05 15 08
2016 05 05 21 06
2016 05 06 01 38
2016 05 06 09 55
2016 05 06 14 35
2016 05 06 18 15
2016 05 06 21 47
2016 05 07 04 18
2016 05 07 09 18
2016 05 07 11 55
2016 05 07 18 24
2016 05 07 21 37
2016 05 08 03 01
2016 05 08 20 57
2016 05 09 00 58
2016 05 09 12 38
2016 05 09 23 01
2016 05 10 03 25
2016 05 10 10 12
2016 05 10 18 06
2016 05 10 20 53
2016 05 11 05 29
2016 05 11 23 58
2016 05 12 00 13
2016 05 12 05 00
2016 05 12 15 02
2016 05 13 00 16
2016 05 13 00 49
2016 05 13 01 10
2016 05 13 01 24
2016 05 13 07 37
2016 05 13 16 19
2016 05 13 22 06
2016 05 14 04 37
2016 05 14 06 02
2016 05 14 16 34
2016 05 14 18 42
2016 05 14 22 21
2016 05 15 00 39
2016 05 15 03 16
2016 05 15 05 58
2016 05 15 08 47
2016 05 16 07 56
2016 05 16 08 03
2016 05 16 09 33
2016 05 16 12 58
2016 05 16 19 24
2016 05 16 22 46
2016 05 17 04 34
2016 05 17 18 28
2016 05 17 22 59
2016 05 18 00 00
2016 05 18 03 16
2016 05 18 04 43
2016 05 18 15 17
2016 05 19 06 09
2016 05 19 09 02
2016 05 19 14 06
2016 05 20 07 07
2016 05 20 19 54
2016 05 21 04 24
2016 05 21 08 18
2016 05 21 12 09
2016 05 21 14 44
2016 05 22 00 27
2016 05 22 00 45
2016 05 22 01 13
2016 05 22 09 36
2016 05 23 12 38
2016 05 23 15 13
2016 05 23 16 19
2016 05 23 19 34
2016 05 23 22 30
2016 05 24 14 15
2016 05 24 20 16
2016 05 24 22 31
2016 05 25 08 02
2016 05 25 10 52
2016 05 26 00 33
2016 05 26 15 29
2016 05 27 06 15
2016 05 27 22 13
2016 05 28 02 29
2016 05 28 02 36
2016 05 28 09 13
2016 06 01 09 57
2016 06 01 17 55
2016 06 02 07 52
2016 06 02 19 32
2016 06 02 19 35
2016 06 02 20 32
2016 06 03 03 46
2016 06 03 05 41
2016 06 03 13 16
2016 06 04 19 05
2016 06 04 19 34
2016 06 05 15 43
2016 06 06 12 40
2016 06 07 04 45
2016 06 07 04 51
2016 06 07 16 04
2016 06 07 20 10
2016 06 08 02 13
2016 06 08 07 43
2016 06 08 10 44
2016 06 09 00 12
2016 06 09 01 21
2016 06 09 10 04
2016 06 09 10 22
2016 06 09 13 18
2016 06 09 15 10
2016 06 10 09 23
2016 06 10 20 04
2016 06 10 21 05
2016 06 10 21 17
2016 06 10 23 20
2016 06 10 23 38
2016 06 11 02 26
2016 06 12 09 19
2016 06 12 14 10
2016 06 12 15 16
2016 06 13 07 01
2016 06 13 12 24
2016 06 13 22 27
2016 06 14 01 28
2016 06 15 10 35
2016 06 15 11 41
2016 06 15 15 55
2016 06 15 21 05
2016 06 15 21 21
2016 06 18 11 30
2016 06 18 19 40
2016 06 19 19 58
2016 06 20 04 53
2016 06 20 11 54
2016 06 20 18 37
2016 06 21 08 54
2016 06 21 11 32
2016 06 21 21 04
2016 06 21 23 45
2016 06 22 02 00
2016 06 22 05 39
2016 06 23 08 31
2016 06 24 17 13
2016 06 24 19 34
2016 06 25 00 18
2016 06 26 12 13
2016 06 27 04 23
2016 06 27 14 57
2016 06 27 15 12
2016 06 27 17 48
2016 06 27 22 13
2016 06 28 10 35
2016 06 28 14 24
2016 06 28 18 35
2016 07 01 05 06
2016 07 02 02 05
2016 07 02 05 02
2016 07 02 05 02
2016 07 02 16 53
2016 07 02 23 39
2016 07 03 07 57
2016 07 04 21 58
2016 07 05 08 45
2016 07 06 05 56
2016 07 06 08 11
2016 07 06 22 10
2016 07 06 23 29
2016 07 07 06 12
2016 07 07 13 08
2016 07 08 02 46
2016 07 08 04 11
2016 07 08 10 00
2016 07 08 18 03
2016 07 08 22 36
2016 07 09 04 22
2016 07 09 04 48
2016 07 09 06 26
2016 07 09 21 28
2016 07 10 15 52
2016 07 10 16 15
2016 07 11 14 21
2016 07 12 03 59
2016 07 12 12 30
2016 07 13 05 19
2016 07 13 12 07
2016 07 13 23 01
2016 07 14 19 55
2016 07 14 23 50
2016 07 15 01 19
2016 07 15 07 50
2016 07 15 14 17
2016 07 15 21 37
2016 07 16 09 40
2016 07 17 09 22
2016 07 17 11 17
2016 07 17 21 16
2016 07 18 00 45
2016 07 18 04 07
2016 07 18 06 03
2016 07 18 11 03
2016 07 19 00 58
2016 07 19 11 30
2016 07 19 16 41
2016 07 20 03 24
2016 07 20 09 53
2016 07 20 11 43
2016 07 21 04 38
2016 07 21 05 07
2016 07 22 02 05
2016 07 22 10 17
2016 07 23 16 10
2016 07 23 23 34
2016 07 24 06 08
2016 07 24 08 58
2016 07 24 09 44
2016 07 24 15 57
2016 07 26 00 15
2016 07 26 04 13
2016 07 26 08 04
2016 07 26 09 24
2016 07 26 12 04
2016 07 26 20 42
2016 07 27 02 49
2016 07 27 04 12
2016 07 28 20 24
2016 07 28 21 29
2016 08 01 03 20
2016 08 02 00 48
2016 08 02 09 11
2016 08 02 18 07
2016 08 02 20 00
2016 08 03 06 13
2016 08 03 13 59
2016 08 03 20 51
2016 08 04 07 52
2016 08 05 21 57
2016 08 06 02 59
2016 08 07 11 52
2016 08 07 14 49
2016 08 07 15 49
2016 08 07 20 30
2016 08 08 09 15
2016 08 08 11 18
2016 08 08 18 41
2016 08 09 03 06
2016 08 09 18 37
2016 08 10 00 37
2016 08 10 02 17
2016 08 10 11 22
2016 08 11 00 36
2016 08 11 03 49
2016 08 11 14 22
2016 08 11 15 07
2016 08 11 16 28
2016 08 11 18 27
2016 08 12 05 47
2016 08 12 08 28
2016 08 12 09 28
2016 08 12 18 47
2016 08 13 00 56
2016 08 13 11 56
2016 08 13 23 36
2016 08 14 04 04
2016 08 14 05 14
2016 08 14 13 44
2016 08 14 23 07
2016 08 15 19 22
2016 08 16 10 30
2016 08 16 18 29
2016 08 16 20 09
2016 08 16 21 15
2016 08 17 19 25
2016 08 19 02 55
2016 08 19 03 41
2016 08 19 11 16
2016 08 19 15 57
2016 08 20 04 51
2016 08 21 03 32
2016 08 21 20 48
2016 08 22 08 41
2016 08 22 19 57
2016 08 22 23 01
2016 08 23 00 14
2016 08 23 07 05
2016 08 23 14 46
2016 08 23 22 07
2016 08 25 01 32
2016 08 25 05 31
2016 08 25 11 19
2016 08 25 22 12
2016 08 26 02 17
2016 08 26 10 10
2016 08 26 18 10
2016 08 27 01 26
2016 08 27 07 26
2016 08 27 08 28
2016 08 27 09 44
2016 08 27 10 53
2016 08 27 14 34
2016 08 27 17 56
2016 08 28 03 31
2016 09 01 00 30
2016 09 01 12 55
2016 09 01 22 01
2016 09 02 01 05
2016 09 02 02 22
2016 09 02 22 43
2016 09 03 00 15
2016 09 03 00 46
2016 09 03 13 09
2016 09 04 06 00
2016 09 04 06 07
2016 09 04 07 16
2016 09 04 12 21
2016 09 04 15 01
2016 09 04 21 30
2016 09 05 06 50
2016 09 05 18 51
2016 09 05 23 41
2016 09 06 04 13
2016 09 06 06 53
2016 09 07 02 48
2016 09 07 08 18
2016 09 07 19 54
2016 09 08 03 27
2016 09 08 05 43
2016 09 08 15 09
2016 09 08 15 24
2016 09 09 00 40
2016 09 09 12 29
2016 09 09 13 48
2016 09 10 21 20
2016 09 11 02 56
2016 09 11 10 02
2016 09 11 22 17
2016 09 11 22 45
2016 09 12 16 01
2016 09 12 18 14
2016 09 13 13 14
2016 09 14 13 53
2016 09 14 16 39
2016 09 14 22 33
2016 09 15 03 57
2016 09 15 05 00
2016 09 15 08 13
2016 09 16 00 46
2016 09 17 11 06
2016 09 17 16 25
2016 09 18 15 59
2016 09 18 17 11
2016 09 18 17 39
2016 09 19 09 19
2016 09 19 15 04
2016 09 20 16 23
2016 09 20 17 01
2016 09 21 00 29
2016 09 21 05 34
2016 09 21 08 07
2016 09 21 15 37
2016 09 21 15 51
2016 09 21 18 41
2016 09 22 00 40
2016 09 22 01 06
2016 09 22 01 12
2016 09 22 06 06
2016 09 22 06 15
2016 09 22 11 57
2016 09 22 18 00
2016 09 23 04 14
2016 09 23 22 24
2016 09 24 02 08
2016 09 24 11 09
2016 09 24 21 55
2016 09 25 04 55
2016 09 25 11 29
2016 09 25 18 27
2016 09 25 19 47
2016 09 25 22 35
2016 09 26 01 01
2016 09 26 07 54
2016 09 26 11 10
2016 09 26 13 19
2016 09 26 13 44
2016 09 26 20 57
2016 09 27 07 42
2016 09 27 18 13
2016 09 28 22 30
2016 09 28 23 07
2016 10 01 05 41
2016 10 01 09 43
2016 10 01 22 49
2016 10 02 23 50
2016 10 03 02 29
2016 10 03 04 27
2016 10 04 09 26
2016 10 04 23 34
2016 10 05 14 31
2016 10 06 02 57
2016 10 06 03 02
2016 10 06 13 31
2016 10 06 16 22
2016 10 08 00 49
2016 10 08 15 09
2016 10 09 21 32
2016 10 10 03 52
2016 10 11 05 48
2016 10 11 06 31
2016 10 11 12 27
2016 10 12 02 06
2016 10 12 05 49
2016 10 12 10 46
2016 10 12 18 43
2016 10 13 06 37
2016 10 13 07 35
2016 10 13 20 12
2016 10 14 04 11
2016 10 14 10 31
2016 10 14 18 25
2016 10 14 21 17
2016 10 15 02 50
2016 10 15 04 51
2016 10 15 07 15
2016 10 16 04 56
2016 10 16 11 12
2016 10 17 03 53
2016 10 17 04 53
2016 10 17 22 01
2016 10 18 15 24
2016 10 18 17 41
2016 10 18 19 01
2016 10 19 11 28
2016 10 19 14 54
2016 10 19 20 20
2016 10 19 20 53
2016 10 19 23 09
2016 10 20 00 31
2016 10 20 07 34
2016 10 20 18 48
2016 10 21 03 49
2016 10 21 19 41
2016 10 22 01 08
2016 10 22 06 58
2016 10 22 18 28
2016 10 22 22 37
2016 10 22 23 55
2016 10 23 06 29
2016 10 23 21 30
2016 10 24 01 22
2016 10 24 01 53
2016 10 24 18 41
2016 10 24 23 48
2016 10 26 02 02
2016 10 26 05 36
2016 10 26 06 24
2016 10 26 06 35
2016 10 26 18 53
2016 10 26 20 23
2016 10 26 20 47
2016 10 27 09 59
2016 10 27 14 24
2016 10 27 16 47
2016 10 27 22 55
2016 10 28 05 13
2016 10 28 08 16
2016 10 28 18 49
2016 10 28 20 57
2016 11 01 01 10
2016 11 01 11 55
2016 11 01 18 47
2016 11 02 03 26
2016 11 03 04 10
2016 11 04 05 03
2016 11 04 07 34
2016 11 05 00 24
2016 11 05 09 28
2016 11 05 22 46
2016 11 05 23 46
2016 11 06 14 02
2016 11 06 19 17
2016 11 07 00 38
2016 11 07 17 09
2016 11 08 12 53
2016 11 08 18 33
2016 11 08 18 38
2016 11 09 02 35
2016 11 09 11 29
2016 11 09 12 14
2016 11 10 01 06
2016 11 10 04 31
2016 11 10 05 50
2016 11 10 07 38
2016 11 10 07 50
2016 11 11 06 11
2016 11 11 11 40
2016 11 11 16 05
2016 11 12 07 56
2016 11 12 10 30
2016 11 13 00 34
2016 11 13 12 27
2016 11 14 17 26
2016 11 14 17 32
2016 11 15 02 47
2016 11 16 00 07
2016 11 16 00 38
2016 11 16 04 28
2016 11 16 07 32
2016 11 16 08 53
2016 11 16 13 59
2016 11 17 10 53
2016 11 17 14 39
2016 11 18 04 52
2016 11 18 07 41
2016 11 18 10 44
2016 11 18 12 39
2016 11 18 14 52
2016 11 18 15 54
2016 11 20 15 47
2016 11 20 17 34
2016 11 21 03 20
2016 11 21 07 40
2016 11 21 12 09
2016 11 21 13 03
2016 11 21 21 40
2016 11 22 02 16
2016 11 22 03 23
2016 11 22 06 45
2016 11 22 13 00
2016 11 22 16 54
2016 11 22 23 52
2016 11 23 08 57
2016 11 23 09 36
2016 11 24 14 50
2016 11 25 18 19
2016 11 26 11 47
2016 11 27 08 36
2016 11 27 08 55
2016 11 27 09 43
2016 11 28 00 00
2016 11 28 11 27
2016 12 01 06 18
2016 12 01 16 29
2016 12 02 00 13
2016 12 02 04 28
2016 12 02 04 36
2016 12 02 07 11
2016 12 02 09 03
2016 12 02 09 18
2016 12 02 23 12
2016 12 03 03 31
2016 12 03 05 22
2016 12 03 14 10
2016 12 03 14 11
2016 12 04 03 19
2016 12 04 04 45
2016 12 04 08 56
2016 12 06 00 38
2016 12 06 01 42
2016 12 06 02 26
2016 12 06 10 30
2016 12 06 16 32
2016 12 06 20 30
2016 12 07 04 19
2016 12 08 02 14
2016 12 08 03 59
2016 12 08 09 26
2016 12 08 10 58
2016 12 08 17 51
2016 12 09 07 55
2016 12 09 12 21
2016 12 09 22 55
2016 12 10 15 42
2016 12 10 20 53
2016 12 11 00 02
2016 12 11 19 27
2016 12 12 00 02
2016 12 12 12 00
2016 12 12 19 32
2016 12 13 05 21
2016 12 13 17 15
2016 12 13 23 19
2016 12 15 07 31
2016 12 17 09 48
2016 12 18 05 33
2016 12 18 12 14
2016 12 18 16 33
2016 12 18 19 32
2016 12 19 05 52
2016 12 19 11 21
2016 12 19 20 20
2016 12 19 23 21
2016 12 20 16 14
2016 12 20 16 34
2016 12 21 01 01
2016 12 21 16 03
2016 12 21 18 23
2016 12 22 16 55
2016 12 22 23 34
2016 12 23 02 33
2016 12 24 04 51
2016 12 24 12 42
2016 12 24 22 23
2016 12 25 01 22
2016 12 25 08 22
2016 12 25 18 33
2016 12 25 20 28
2016 12 25 21 35
2016 12 25 23 02
2016 12 27 00 03
2016 12 27 04 17
2016 12 27 18 49
2016 12 28 01 07
2016 12 28 02 29
2016 12 28 03 31
2016 12 28 03 52
2016 12 28 15 16
2016 12 28 19 24
